50
789 732 1 800 693.326
888 350 1 953.93 430.431
510 478 1 408.153 436.439
91 761 1 143.723 877.638
552 718 0
235 958 1 238.925 1000
625 182 1 600 177.649
947 684 0
955 231 1 975 224.649
1463 324 0
470 204 0
1175 309 1 1226.27 181.954
1139 807 0
197 583 1 191.58 500
761 472 0
655 496 0
431 247 0
390 56 1 278.232 2.29849
36 877 1 0 951.545
460 989 1 335.169 995.497
666 411 1 619.775 277.792
1220 440 1 1109.01 441.318
747 279 1 750 283.39
716 55 1 750 51.0059
404 423 1 262.039 447.148
479 252 0
168 367 1 176.003 350
359 941 0
568 800 0
217 234 0
211 696 1 94.7423 631.4
988 509 1 898.218 575
789 289 1 890.234 275
344 247 0
581 600 0
1022 404 0
394 853 1 428.946 900
1220 786 0
846 580 0
580 414 1 719.531 367.738
1 943 1 0 943.992
226 334 1 250 344.072
773 579 0
361 380 1 373.204 350
479 870 1 397.119 810.868
274 405 1 251.61 350
1172 75 1 1172 75
507 150 1 507 150
799 285 1 850 254.334
66 260 1 7.10543e-15 290.647
