720 100 100 0
59.4633 50.2683
68.3797 50.7832
76.7401 51.5239
84.5371 52.4707
91.764 53.6048
98.4152 54.9077
104.486 56.3617
109.971 57.9494
114.868 59.6534
119.174 61.4564
122.884 63.3411
125.999 65.2895
128.514 67.283
130.431 69.302
131.747 71.3252
132.464 73.3289
132.583 75.2857
132.107 77.1623
131.044 78.914
129.413 80.4708
127.308 81.6612
125.799 82.9189
123.767 83.8815
122.317 84.9898
120.667 85.5324
119.343 86.5793
118.153 87.0416
116.933 88.1031
115.906 88.5968
114.804 89.6857
113.867 90.1978
112.982 91.3077
112.119 91.8181
111.762 92.6515
110.937 93.1088
110.712 93.5797
109.89 93.9982
109.663 94.3496
108.838 94.7372
108.606 95.0324
107.777 95.3905
107.54 95.6518
106.706 95.9773
106.466 96.2148
105.628 96.4988
105.386 96.7177
104.544 96.9365
104.302 97.1391
103.48 97.1885
103.242 97.3745
103.539 97.2886
103.3 97.4712
103.549 97.3054
103.309 97.4875
103.549 97.3095
103.309 97.4915
103.547 97.3114
103.307 97.4934
103.545 97.313
103.305 97.4949
103.543 97.3145
103.303 97.4965
103.541 97.316
103.301 97.498
103.539 97.3175
103.299 97.4995
103.537 97.319
103.297 97.501
103.535 97.3205
103.295 97.5025
103.533 97.322
103.293 97.504
103.531 97.3235
103.291 97.5055
103.529 97.325
103.289 97.507
103.527 97.3265
103.287 97.5085
103.525 97.328
103.285 97.51
103.523 97.3295
103.283 97.5115
103.521 97.331
103.281 97.513
103.519 97.3325
103.279 97.5145
103.517 97.334
103.277 97.516
103.515 97.3355
103.275 97.5175
103.513 97.337
103.273 97.519
103.511 97.3385
103.271 97.5205
103.509 97.34
103.269 97.522
103.507 97.3415
103.267 97.5235
103.505 97.343
103.265 97.525
103.503 97.3445
103.263 97.5265
103.502 97.346
103.261 97.528
103.5 97.3475
103.259 97.5295
103.498 97.349
103.257 97.531
103.496 97.3505
103.255 97.5325
103.494 97.352
103.254 97.534
103.492 97.3535
103.252 97.5355
103.49 97.355
103.25 97.537
103.488 97.3565
103.248 97.5385
103.486 97.358
103.246 97.54
103.595 97.8353 
104.533 98.2434 
106.061 98.7636 
108.178 99.3952 
110.886 100.137 
114.183 100.99 
118.069 101.951 
122.546 103.022 
127.614 104.199 
133.271 105.484 
139.52 106.875 
146.359 108.371 
153.788 109.971 
161.809 111.674 
170.423 113.469 
179.447 114.826 
187.901 116.369 
195.755 117.931 
203.012 119.434 
209.677 120.838 
215.753 122.126 
221.242 123.291 
226.145 124.331 
231.632 125.506 
236.533 126.549 
240.849 127.464 
244.577 128.254 
247.717 128.926 
251.447 129.711 
254.588 130.378 
257.144 130.915 
260.284 131.585 
262.839 132.126 
264.806 132.549 
267.361 133.086 
269.328 133.505 
271.886 134.031 
273.853 134.446 
275.233 134.744 
277.201 135.156 
278.581 135.451 
280.553 135.85 
281.933 136.141 
282.725 136.318 
284.106 136.607 
284.898 136.781 
286.28 137.067 
287.073 137.239 
288.456 137.517 
289.249 137.686 
289.454 137.736 
290.247 137.905 
290.453 137.953 
291.246 138.122 
291.452 138.168 
292.245 138.337 
292.451 138.383 
293.245 138.551 
293.451 138.597 
294.244 138.764 
294.45 138.81 
295.244 138.977 
295.45 139.022 
296.244 139.188 
296.45 139.233 
297.245 139.396 
297.451 139.44 
297.069 139.364 
297.276 139.408 
296.895 139.328 
297.101 139.373 
296.721 139.291 
296.927 139.335 
296.547 139.254 
296.753 139.299 
297.546 139.468 
297.753 139.512 
297.372 139.432 
297.578 139.476 
297.198 139.396 
297.404 139.44 
297.024 139.359 
297.23 139.403 
296.85 139.321 
297.056 139.366 
296.676 139.284 
296.882 139.328 
297.675 139.5 
297.881 139.544 
297.501 139.462 
297.707 139.506 
297.327 139.424 
297.533 139.468 
297.153 139.386 
297.359 139.431 
296.979 139.349 
297.185 139.393 
296.805 139.311 
297.011 139.355 
296.631 139.273 
296.837 139.318 
297.63 139.489 
297.837 139.533 
297.456 139.451 
297.663 139.496 
297.282 139.414 
297.489 139.458 
297.108 139.376 
297.315 139.421 
296.934 139.339 
297.141 139.383 
296.76 139.301 
296.967 139.346 
296.586 139.264 
296.793 139.308 
297.585 139.479 
297.792 139.524 
297.411 139.442 
297.618 139.486 
297.237 139.404 
297.166 139.837
297.404 140.783
297.951 142.244
298.808 144.219
299.975 146.707
301.453 149.708
303.242 153.223
305.342 157.25
307.754 161.79
310.478 166.843
313.515 172.407
316.864 178.484
320.527 185.072
324.504 192.172
328.794 199.783
333.4 207.905
338.321 216.537
343.291 225.214
347.733 234.174
352.704 242.85
357.146 251.809
362.118 260.486
367.599 268.849
372.569 277.527
378.05 285.891
383.019 294.568
387.461 303.528
392.432 312.205
396.874 321.164
401.845 329.84
407.327 338.203
412.297 346.881
417.778 355.245
422.746 363.922
427.188 372.882
432.018 381.384
436.58 389.35
440.846 396.794
444.814 403.717
448.484 410.12
451.855 416.002
454.928 421.363
457.703 426.204
460.776 431.565
463.55 436.406
466.026 440.727
468.204 444.526
470.084 447.806
472.262 451.605
474.141 454.884
475.722 457.643
477.602 460.922
479.183 463.681
480.466 465.919
482.047 468.678
483.33 470.916
484.314 472.633
485.597 474.871
486.582 476.589
487.268 477.786
488.252 479.503
488.938 480.7
489.922 482.418
490.609 483.615
490.996 484.291
491.682 485.488
492.07 486.165
492.756 487.362
493.144 488.038
493.83 489.235
494.218 489.911
494.307 490.067
494.695 490.744
494.784 490.899
495.172 491.576
495.261 491.732
495.649 492.408
495.738 492.564
496.126 493.24
496.215 493.396
496.603 494.073
496.692 494.229
497.08 494.905
497.169 495.061
497.557 495.737
497.646 495.893
498.034 496.57
498.123 496.725
498.511 497.402
498.6 497.558
498.988 498.234
499.077 498.39
498.868 498.025
498.957 498.181
498.748 497.816
498.838 497.972
498.629 497.608
498.718 497.763
498.509 497.399
498.598 497.555
498.986 498.231
499.075 498.387
498.866 498.022
498.956 498.178
498.747 497.813
498.836 497.969
498.627 497.604
498.716 497.76
498.507 497.396
498.597 497.551
498.984 498.228
499.074 498.384
498.865 498.019
498.954 498.175
498.745 497.81
498.834 497.966
498.625 497.601
498.714 497.757
498.505 497.392
498.595 497.548
498.741 497.107
498.943 496.068
499.203 494.432
499.518 492.198
499.89 489.368
500.318 485.939
500.801 481.914
501.341 477.291
501.936 472.071
502.587 466.253
503.293 459.837
504.054 452.825
504.871 445.215
505.742 437.007
506.669 428.202
507.65 418.799
508.679 408.852
510.303 398.985
511.332 389.038
511.765 379.048
512.796 369.101
513.229 359.111
514.261 349.164
515.885 339.297
516.915 329.35
518.539 319.483
519.568 309.537
520 299.546
521.031 289.599
521.465 279.609
522.497 269.663
524.121 259.796
525.151 249.849
526.775 239.981
527.804 230.035
528.236 220.045
529.267 210.098
529.701 200.107
530.732 190.162
532.357 180.294
533.387 170.348
535.011 160.48
536.04 150.535
536.968 141.18
537.838 132.423
538.648 124.263
539.4 116.7
540.092 109.734
540.724 103.365
541.298 97.5934
541.931 91.2245
542.504 85.4527
543.018 80.278
543.473 75.7003
543.868 71.7196
544.323 67.1419
544.719 63.1613
545.055 59.7777
545.332 56.9912
545.668 53.6076
545.945 50.8211
546.162 48.6317
546.439 45.8452
546.656 43.6557
546.933 40.8692
547.151 38.6797
547.309 37.0873
547.526 34.8979
547.685 33.3055
547.784 32.3102
547.942 30.7178
548.041 29.7224
548.199 28.13
548.298 27.1347
548.456 25.5423
548.555 24.547
548.594 24.1487
548.693 23.1534
548.733 22.7551
548.832 21.7598
548.871 21.3615
548.97 20.3662
549.01 19.9679
549.109 18.9726
549.148 18.5743
549.247 17.579
549.287 17.1807
549.386 16.1854
549.425 15.7871
549.405 15.9859
549.445 15.5876
549.425 15.7864
549.465 15.3881
549.445 15.5869
549.485 15.1886
549.465 15.3874
549.504 14.9892
549.485 15.188
549.524 14.7897
549.504 14.9885
549.544 14.5902
549.524 14.789
549.564 14.3907
549.544 14.5895
549.584 14.1912
549.564 14.39
549.603 13.9918
549.584 14.1905
549.623 13.7923
549.604 13.9911
549.643 13.5928
549.623 13.7916
549.663 13.3933
549.643 13.5921
549.683 13.1938
549.663 13.3926
549.703 12.9943
549.683 13.1931
549.722 12.7949
549.703 12.9936
549.736 13.7901
549.824 15.1841
549.964 17.1757
550.159 19.7649
550.406 22.9517
550.708 26.7362
551.063 31.1182
551.472 36.0978
551.935 41.675
552.452 47.8497
553.022 54.6221
553.646 61.992
554.325 69.9595
555.057 78.5246
555.843 87.6872
556.684 97.4474
557.544 107.41
557.806 117.407
558.667 127.369
560.122 137.263
560.982 147.226
561.244 157.223
562.105 167.185
563.56 177.079
564.419 187.042
564.682 197.038
565.543 207.001
566.998 216.894
567.857 226.857
568.12 236.854
568.981 246.816
570.436 256.71
571.296 266.673
571.558 276.669
572.419 286.632
573.875 296.525
574.734 306.488
574.997 316.485
575.858 326.447
577.314 336.34
578.173 346.303
578.436 356.3
579.297 366.262
580.753 376.156
581.612 386.119
581.875 396.115
582.736 406.077
584.192 415.971
585.052 425.934
585.315 435.93
586.176 445.892
587.632 455.785
588.539 465.436
589.323 474.5
590.045 482.967
590.714 490.836
591.333 498.107
591.901 504.781
592.417 510.856
592.883 516.334
593.4 522.41
593.866 527.887
594.281 532.767
594.645 537.049
594.959 540.734
595.323 545.016
595.636 548.7
595.899 551.786
596.212 555.471
596.475 558.557
596.687 561.046
596.949 564.132
597.161 566.621
597.322 568.511
597.533 571
597.694 572.891
597.804 574.184
597.965 576.074
598.075 577.367
598.236 579.258
598.346 580.551
598.506 582.441
598.616 583.734
598.676 584.429
598.786 585.722
598.845 586.417
598.955 587.71
599.014 588.405
599.124 589.698
599.183 590.393
599.191 590.49
599.25 591.185
599.258 591.283
599.318 591.978
599.326 592.075
599.385 592.77
599.393 592.867
599.452 593.562
599.461 593.659
599.52 594.354
599.528 594.452
599.587 595.147
599.595 595.244
599.655 595.939
599.663 596.036
599.722 596.731
599.73 596.828
599.789 597.523
599.798 597.621
599.857 598.316
599.865 598.413
599.924 599.108
599.932 599.205
599.89 598.704
599.898 598.802
599.855 598.301
599.864 598.398
599.923 599.093
599.931 599.19
599.889 598.69
599.407 597.78
598.486 596.462
597.125 594.736
595.323 592.603
593.082 590.061
590.399 587.113
587.276 583.758
583.71 579.997
579.703 575.83
575.254 571.257
570.362 566.279
565.027 560.897
559.249 555.111
553.027 548.92
546.36 542.327
539.249 535.331
532.104 528.335
525.39 520.923
518.244 513.928
511.53 506.517
504.384 499.523
496.832 492.967
489.687 485.971
482.973 478.561
475.827 471.566
468.275 465.011
461.13 458.015
454.416 450.604
447.269 443.61
439.717 437.055
432.572 430.059
425.858 422.648
418.712 415.654
411.16 409.099
404.015 402.103
397.317 395.508
391.026 389.353
385.183 383.597
379.74 378.288
374.788 373.325
369.59 368.909
364.964 364.311
360.752 360.148
356.976 356.396
352.633 352.447
348.818 348.784
345.487 345.476
342.596 342.575
340.086 340.138
337.238 337.205
334.767 334.739
332.725 332.693
330.249 330.232
328.204 328.189
326.585 326.569
324.539 324.526
322.918 322.907
321.722 321.712
320.102 320.092
318.906 318.897
317.286 317.277
316.09 316.081
315.319 315.31
314.123 314.115
313.351 313.344
312.155 312.148
311.384 311.377
311.037 311.029
310.265 310.258
309.918 309.911
309.147 309.14
308.8 308.793
308.028 308.022
307.681 307.675
306.909 306.904
306.562 306.557
305.79 305.786
305.443 305.439
304.67 304.669
304.323 304.322
304.4 304.399
304.053 304.052
304.131 304.128
303.783 303.781
303.861 303.858
303.514 303.511
303.591 303.588
303.244 303.241
303.321 303.318
302.974 302.971
303.051 303.048
302.704 302.701
302.781 302.778
302.434 302.432
302.511 302.508
302.164 302.162
302.241 302.239
301.894 301.892
301.971 301.969
301.624 301.622
301.701 301.699
301.353 301.352
301.431 301.429
301.083 301.082
301.161 301.159
300.813 300.813
300.89 300.89
300.543 300.543
300.62 300.62
300.273 300.273
300.35 300.35
300.003 300.004
300.08 300.081
299.732 299.734
299.81 299.811
299.462 299.464
299.539 299.541
299.192 299.194
299.269 299.271
298.922 298.925
