1000
471.991 470.866        
473.917 470.377        
476.748 469.464        
479.748 469.487        
482.6 468.555        
485.6 468.588        
488.431 469.581        
491.43 469.611        
494.284 468.683        
497.283 468.727        
500.108 469.738        
502.465 471.593        
505.293 472.595        
508.292 472.643        
511.123 473.637        
513.491 475.479        
515.153 477.976        
515.923 480.876        
515.715 483.869        
516.47 486.772        
518.117 489.28        
520.474 491.136        
522.102 493.656        
522.841 496.563        
524.484 499.074        
525.24 501.977        
525.023 504.969        
525.782 507.871        
527.43 510.378        
528.188 513.281        
527.974 516.273        
526.814 519.04        
524.823 521.283        
522.219 522.774        
519.277 523.364        
516.675 524.856        
513.734 525.447        
511.133 526.941        
508.19 527.525        
505.215 527.139        
502.271 527.717        
499.671 529.214        
497.687 531.464        
495.091 532.967        
492.148 533.549        
489.55 535.05        
486.608 535.637        
484.016 537.148        
481.078 537.755        
478.486 539.265        
476.516 541.528        
475.383 544.306        
475.195 547.3        
474.061 550.078        
473.867 553.071        
472.715 555.842        
470.74 558.1        
469.597 560.873        
469.403 563.867        
468.263 566.642        
466.284 568.896        
465.13 571.666        
464.918 574.658        
465.68 577.56        
465.482 580.553        
464.328 583.322        
464.108 586.314        
462.936 589.076        
462.713 592.067        
463.451 594.975        
465.088 597.489        
466.437 599.045        
467.543 599.631        
469.606 600.51        
472.025 602.284        
474.881 603.202        
477.881 603.159        
480.71 602.162        
483.046 602.036        
486.045 602.122        
488.861 603.156        
491.202 605.032        
492.813 607.563        
495.143 609.452        
496.741 611.992        
497.447 614.908        
499.05 617.443        
501.385 619.326        
504.204 620.352        
506.547 622.227        
508.173 624.748        
510.52 626.616        
513.341 627.638        
516.34 627.715        
519.156 628.749        
522.155 628.817        
524.973 629.848        
527.316 631.721        
528.935 634.247        
531.275 636.124        
534.091 637.158        
537.09 637.225        
539.913 638.242        
542.269 640.098        
545.101 641.09        
547.459 642.944        
550.285 643.952        
552.645 645.804        
554.296 648.309        
555.659 649.856        
556.918 650.408        
559.146 650.712        
562.14 650.523        
565.039 651.295        
567.544 652.947        
569.38 655.319        
571.874 656.987        
573.698 659.368        
576.184 661.048        
578.003 663.434        
578.957 666.278        
578.955 669.278        
579.907 672.123        
579.897 675.123        
580.838 677.971        
582.643 680.368        
583.587 683.215        
585.397 685.608        
586.356 688.451        
586.353 691.451        
587.316 694.292        
589.136 696.677        
591.626 698.351        
594.518 699.147        
597.513 698.968        
597.513 698.968        
597.513 698.968        
597.513 698.968        
599.511 698.876        
600.509 698.8        
602.437 698.353        
604.944 697.092        
607.873 696.444        
610.444 694.897        
613.374 694.256        
616.355 694.595        
619.288 693.963        
621.863 692.424        
623.812 690.143        
624.93 687.359        
626.872 685.073        
627.989 682.289        
628.155 679.293        
629.269 676.508        
631.214 674.224        
632.313 671.432        
632.461 668.436        
631.638 665.551        
629.927 663.087        
627.513 661.306        
625.792 658.849        
624.953 655.969        
625.081 652.972        
626.152 650.169        
628.07 647.862        
629.149 645.063        
629.276 642.065        
628.445 639.183        
628.574 636.186        
627.736 633.305        
627.861 630.308        
627.017 627.429        
627.142 624.431        
626.309 621.549        
624.598 619.085        
623.76 616.204        
623.883 613.207        
623.036 610.329        
621.32 607.869        
618.91 606.081        
616.057 605.153        
613.652 603.361        
610.796 602.44        
607.797 602.471        
604.942 601.548        
602.617 601.475        
599.634 601.792        
596.911 603.052        
593.928 603.372        
590.999 602.723        
590.999 602.723        
590.999 602.723        
588.016 603.041        
585.289 604.292        
582.306 604.613        
579.375 603.974        
576.804 602.429        
573.872 601.794        
571.485 601.998        
568.492 602.209        
565.721 603.358        
562.727 603.554        
559.957 604.705        
556.963 604.901        
554.189 606.042        
551.195 606.235        
548.423 607.383        
545.429 607.574        
542.656 608.717        
540.395 610.69        
538.885 613.282        
536.62 615.248        
535.112 617.842        
532.853 619.816        
530.084 620.97        
527.822 622.941        
525.048 624.084        
522.786 626.054        
520.008 627.186        
517.74 629.149        
516.21 631.73        
513.932 633.682        
512.404 636.264        
511.792 639.201        
510.273 641.788        
507.999 643.744        
505.217 644.868        
502.947 646.829        
500.172 647.969        
497.178 648.165        
494.279 647.396        
491.285 647.598        
488.383 646.838        
485.873 645.195        
482.97 644.437        
480.459 642.795        
478.599 640.441        
476.082 638.809        
474.212 636.463        
473.2 633.639        
471.339 631.287        
468.827 629.646        
465.923 628.893        
463.417 627.244        
460.517 626.474        
457.524 626.678        
454.621 625.921        
452.108 624.284        
449.204 623.531        
446.211 623.743        
443.447 624.909        
440.455 625.136        
437.55 624.389        
435.039 622.747        
433.196 620.38        
432.211 617.546        
430.362 615.184        
429.375 612.351        
429.349 609.351        
428.371 606.515        
426.529 604.147        
424.026 602.493        
421.126 601.723        
418.763 601.798        
415.768 601.617        
413.366 602.241        
410.375 602.464        
407.613 603.636        
405.378 605.637        
402.62 606.817        
399.629 607.057        
396.717 606.335        
394.194 604.712        
391.286 603.975        
388.761 602.355        
385.852 601.621        
382.861 601.851        
380.103 603.033        
377.866 605.031        
375.11 606.217        
372.879 608.223        
370.128 609.419        
367.139 609.678        
364.394 610.888        
362.185 612.918        
359.442 614.133        
356.454 614.399        
353.537 613.698        
350.995 612.105        
348.076 611.409        
345.536 609.814        
343.642 607.488        
341.1 605.894        
339.194 603.578        
336.653 601.983        
334.548 601.288        
331.572 600.905        
329.215 601.309        
326.316 602.078        
323.812 603.732        
321.977 606.104        
321.003 608.942        
319.182 611.326        
316.695 613.003        
313.803 613.803        
310.808 613.627        
307.916 614.422        
304.92 614.256        
302.028 615.052        
299.032 614.887        
296.247 613.772        
293.972 611.817        
291.193 610.687        
288.924 608.725        
287.4 606.14        
285.13 604.179        
283.603 601.597        
281.325 599.644        
278.539 598.532        
275.543 598.371        
272.655 599.184        
270.184 600.885        
267.3 601.709        
264.303 601.575        
261.505 600.492        
258.508 600.356        
255.626 601.191        
253.168 602.91        
250.284 603.737        
247.814 605.439        
246.018 607.842        
245.082 610.693        
245.1 613.693        
244.156 616.54        
244.18 619.54        
245.175 622.37        
247.023 624.734        
249.534 626.376        
252.437 627.131        
255.429 626.914        
258.333 627.67        
261.326 627.462        
264.225 628.232        
267.218 628.034        
269.989 626.883        
272.241 624.901        
275.012 623.751        
278.005 623.54        
280.91 624.288        
283.416 625.938        
286.317 626.702        
289.309 626.492        
292.214 627.243        
294.721 628.89        
297.621 629.659        
300.615 629.465        
303.387 628.318        
305.639 626.336        
307.123 623.728        
309.359 621.729        
310.845 619.122        
313.085 617.127        
315.844 615.948        
318.834 615.711        
321.743 616.444        
324.733 616.199        
327.647 616.912        
330.183 618.514        
332.078 620.841        
334.616 622.44        
336.507 624.769        
339.046 626.367        
341.963 627.068        
344.951 626.804        
347.695 625.589        
349.904 623.559        
352.65 622.352        
355.638 622.085        
358.385 620.878        
360.606 618.862        
362.068 616.242        
362.606 613.291        
362.179 610.321        
362.731 607.373        
362.309 604.403        
360.961 601.723        
359.857 600.012        
359.857 600.012        
359.857 600.012        
359.857 600.012        
359.857 600.012        
359.857 600.012        
359.857 600.012        
359.857 600.012        
359.857 600.012        
359.857 600.012        
359.857 600.012        
359.857 600.012        
359.857 600.012        
359.857 600.012        
359.857 600.012        
359.857 600.012        
359.857 600.012        
359.857 600.012        
359.857 600.012        
359.857 600.012        
359.857 600.012        
359.857 600.012        
359.857 600.012        
359.857 600.012        
359.857 600.012        
359.857 600.012        
359.857 600.012        
359.857 600.012        
359.857 600.012        
359.857 600.012        
359.857 600.012        
359.857 600.012        
359.857 600.012        
359.857 600.012        
359.857 600.012        
359.857 600.012        
359.857 600.012        
359.857 600.012        
359.857 600.012        
359.857 600.012        
359.857 600.012        
359.857 600.012        
359.857 600.012        
359.857 600.012        
359.857 600.012        
359.857 600.012        
359.857 600.012        
359.857 600.012        
359.857 600.012        
358.487 599.266        
356.529 597.711        
354.556 595.451        
353.412 592.678        
353.215 589.684        
352.063 586.914        
350.091 584.653        
348.961 581.874        
347.004 579.6        
345.869 576.824        
345.68 573.83        
344.552 571.05        
342.593 568.778        
341.462 565.999        
341.292 563.004        
340.183 560.216        
340.014 557.221        
340.808 554.328        
342.477 551.835        
343.253 548.937        
344.912 546.438        
347.286 544.604        
350.123 543.629        
353.123 543.602        
355.959 542.621        
358.959 542.605        
361.798 541.636        
364.168 539.797        
367.002 538.812        
370.001 538.79        
372.854 539.72        
375.854 539.695        
378.702 540.638        
381.102 542.437        
383.951 543.377        
386.951 543.35        
389.805 544.275        
392.215 546.061        
395.069 546.988        
398.068 546.951        
400.922 547.877        
403.323 549.675        
406.175 550.605        
408.581 552.397        
411.433 553.328        
414.433 553.306        
417.269 552.327        
420.269 552.298        
423.119 553.234        
426.119 553.204        
428.969 554.14        
431.969 554.111        
434.82 555.043        
437.224 556.838        
440.075 557.771        
443.075 557.753        
445.924 558.693        
448.924 558.662        
451.777 559.588        
454.777 559.543        
457.605 558.542        
460.605 558.491        
463.466 559.394        
465.888 561.163        
468.748 562.069        
471.163 563.85        
472.879 566.311        
475.29 568.095        
477.012 570.551        
479.428 572.331        
481.143 574.792        
481.989 577.67        
481.863 580.668        
480.778 583.465        
480.642 586.461        
479.557 589.258        
477.636 591.563        
476.55 594.359        
474.636 596.669        
472.088 598.254        
469.167 598.938        
466.181 598.651        
463.44 597.431        
460.454 597.144        
457.719 595.911        
455.516 593.874        
452.775 592.656        
450.573 590.618        
449.144 587.98        
448.645 585.022        
449.127 582.061        
450.521 579.405        
450.992 576.442        
452.392 573.789        
454.566 571.722        
455.961 569.066        
458.138 567.002        
459.533 564.346        
459.998 561.382        
459.485 558.426        
458.054 555.79        
455.852 553.752        
453.114 552.526        
450.128 552.239        
447.206 552.92        
444.658 554.505        
442.75 556.819        
440.201 558.402        
438.293 560.717        
437.226 563.521        
437.108 566.519        
436.027 569.317        
435.89 572.314        
434.796 575.107        
432.87 577.407        
431.78 580.202        
429.853 582.502        
428.77 585.299        
428.642 588.296        
427.567 591.097        
425.653 593.407        
423.105 594.989        
420.183 595.672        
417.631 597.249        
414.708 597.925        
412.314 597.752        
409.455 596.841        
406.456 596.897        
403.63 597.904        
401.302 598.044        
398.325 597.668        
395.624 596.363        
393.484 594.26        
392.128 591.584        
391.693 588.616        
390.327 585.945        
389.88 582.978        
388.501 580.314        
388.04 577.35        
386.654 574.689        
386.203 571.723        
384.826 569.058        
382.672 566.97        
379.965 565.677        
377.807 563.593        
376.419 560.934        
375.952 557.97        
376.45 555.012        
375.978 552.049        
376.479 549.091        
376 546.13        
376.489 543.17        
376.016 540.207        
376.512 537.249        
376.028 534.288        
374.617 531.641        
374.117 528.683        
372.705 526.035        
372.208 523.077        
372.685 520.115        
374.08 517.459        
376.252 515.389        
377.637 512.728        
379.807 510.657        
381.195 507.997        
381.671 505.035        
383.059 502.376        
385.219 500.294        
387.929 499.008        
390.091 496.928        
391.472 494.265        
393.639 492.189        
396.356 490.918        
399.337 490.583        
402.052 489.307        
405.033 488.966        
407.745 487.684        
410.725 487.34        
413.441 486.065        
416.422 485.725        
419.137 484.45        
422.119 484.119        
425.051 484.751        
427.632 486.28        
430.568 486.9        
433.546 486.539        
436.252 485.245        
439.23 484.879        
442.166 485.494        
444.753 487.013        
447.689 487.631        
450.667 487.268        
453.603 487.885        
456.582 487.536        
459.296 486.257        
462.277 485.921        
465.208 486.563        
468.19 486.238        
470.912 484.977        
473.095 482.919        
474.508 480.272        
476.695 478.219        
478.118 475.578        
478.61 472.619        
478.134 469.657        
478.627 466.698        
478.146 463.736        
476.74 461.086        
476.249 458.127        
474.834 455.481        
472.643 453.432        
471.23 450.786        
469.045 448.73        
467.625 446.087        
467.138 443.127        
465.729 440.478        
465.237 437.519        
465.71 434.556        
467.114 431.905        
469.291 429.841        
472.017 428.588        
474.2 426.53        
476.926 425.278        
479.909 424.96        
482.838 425.611        
485.82 425.282        
488.752 425.914        
491.732 425.565        
494.665 426.196        
497.245 427.726        
500.179 428.353        
502.762 429.879        
505.697 430.5        
508.676 430.149        
511.386 428.861        
513.547 426.781        
514.937 424.122        
517.113 422.057        
519.836 420.799        
522.019 418.74        
524.746 417.49        
526.937 415.441        
529.668 414.2        
532.654 413.909        
535.575 414.594        
538.561 414.306        
541.481 414.993        
544.029 416.577        
546.95 417.261        
549.496 418.847        
552.418 419.527        
555.404 419.232        
558.137 417.995        
561.122 417.698        
563.857 416.465        
566.843 416.178        
569.762 416.87        
572.301 418.467        
574.201 420.789        
575.256 423.597        
577.155 425.92        
579.692 427.522        
582.605 428.236        
585.595 427.989        
588.346 426.793        
591.335 426.528        
594.08 425.319        
596.298 423.298        
599.042 422.086        
601.252 420.057        
603.999 418.852        
606.987 418.582        
609.906 419.276        
612.446 420.872        
614.343 423.196        
615.404 426.002        
615.514 429        
616.584 431.803        
616.697 434.801        
615.839 437.675        
615.954 440.673        
617.019 443.478        
618.928 445.792        
620.006 448.592        
621.93 450.893        
623.026 453.686        
623.169 456.682        
624.254 459.479        
626.169 461.789        
628.723 463.362        
630.647 465.664        
631.73 468.462        
631.854 471.459        
631.024 474.342        
631.166 477.339        
632.255 480.134        
632.4 483.13        
633.487 485.927        
635.418 488.222        
637.978 489.787        
640.905 490.443        
643.474 491.992        
645.421 494.275        
646.541 497.058        
648.49 499.338        
651.065 500.877        
653.998 501.51        
656.577 503.043        
658.525 505.324        
659.645 508.107        
659.822 511.102        
660.942 513.885        
662.893 516.164        
664.024 518.942        
664.204 521.937        
663.417 524.832        
663.596 527.826        
664.719 530.609        
664.898 533.603        
666.026 536.383        
666.209 539.377        
667.337 542.157        
669.299 544.427        
670.438 547.202        
672.4 549.472        
674.99 550.985        
676.963 553.245        
679.554 554.757        
682.494 555.358        
685.085 556.87        
688.026 557.46        
690.625 558.958        
692.61 561.208        
693.776 563.972        
695.76 566.222        
696.925 568.986        
697.135 571.979        
698.289 574.748        
698.504 577.741        
699.673 580.503        
699.895 583.495        
699.147 586.401        
697.502 588.909        
695.141 590.76        
693.494 593.267        
691.136 595.123        
689.493 597.633        
688.137 599.185        
687.024 599.767        
684.938 600.58        
681.966 600.989        
679.285 602.336        
677.182 604.475        
675.871 607.173        
675.484 610.148        
674.156 612.839        
673.762 615.813        
672.435 618.503        
672.03 621.476        
672.603 624.421        
672.209 627.395        
672.793 630.338        
672.404 633.312        
672.994 636.254        
674.501 638.847        
676.758 640.824        
678.271 643.415        
680.538 645.379        
682.053 647.968        
682.657 650.907        
684.174 653.495        
686.434 655.468        
689.209 656.608        
692.204 656.793        
694.978 657.933        
697.245 659.898        
698.762 662.486        
699.396 664.607        
700.295 667.469        
700.295 667.469        
700.295 667.469        
700.295 667.469        
700.295 667.469        
700.295 667.469        
700.295 667.469        
700.295 667.469        
700.295 667.469        
700.295 667.469        
700.295 667.469        
700.295 667.469        
700.295 667.469        
700.295 667.469        
700.295 667.469        
700.295 667.469        
700.295 667.469        
700.295 667.469        
700.295 667.469        
700.295 667.469        
700.295 667.469        
700.295 667.469        
700.295 667.469        
700.295 667.469        
700.295 667.469        
700.295 667.469        
700.295 667.469        
700.295 667.469        
700.295 667.469        
700.295 667.469        
700.295 667.469        
700.295 667.469        
700.295 667.469        
700.295 667.469        
700.295 667.469        
700.295 667.469        
700.295 667.469        
700.295 667.469        
700.295 667.469        
700.295 667.469        
700.295 667.469        
700.295 667.469        
700.295 667.469        
700.295 667.469        
700.295 667.469        
700.295 667.469        
700.295 667.469        
700.295 667.469        
700.295 667.469        
700.295 667.469        
700.295 667.469        
700.295 667.469        
700.295 667.469        
700.295 667.469        
700.295 667.469        
700.295 667.469        
700.295 667.469        
700.295 667.469        
700.295 667.469        
700.295 667.469        
700.295 667.469        
700.295 667.469        
700.295 667.469        
700.295 667.469        
700.295 667.469        
700.295 667.469        
700.295 667.469        
700.295 667.469        
700.295 667.469        
700.295 667.469        
700.295 667.469        
700.295 667.469        
700.295 667.469        
700.295 667.469        
700.295 667.469        
700.295 667.469        
700.295 667.469        
700.295 667.469        
700.295 667.469        
700.295 667.469        
700.295 667.469        
700.295 667.469        
700.295 667.469        
700.295 667.469        
700.295 667.469        
700.295 667.469        
700.295 667.469        
700.295 667.469        
700.295 667.469        
700.295 667.469        
700.295 667.469        
700.295 667.469        
700.295 667.469        
700.295 667.469        
700.295 667.469        
700.295 667.469        
700.295 667.469        
700.295 667.469        
700.295 667.469        
700.295 667.469        
700.295 667.469        
700.295 667.469        
700.295 667.469        
700.295 667.469        
700.295 667.469        
700.295 667.469        
700.295 667.469        
700.295 667.469        
700.295 667.469        
700.295 667.469        
700.295 667.469        
700.295 667.469        
700.295 667.469        
700.295 667.469        
700.295 667.469        
700.295 667.469        
700.295 667.469        
700.295 667.469        
700.295 667.469        
700.295 667.469        
700.295 667.469        
700.295 667.469        
700.295 667.469        
700.295 667.469        
700.295 667.469        
700.295 667.469        
700.295 667.469        
700.295 667.469        
700.295 667.469        
700.295 667.469        
700.295 667.469        
700.295 667.469        
700.295 667.469        
700.295 667.469        
700.295 667.469        
700.295 667.469        
700.295 667.469        
700.295 667.469        
700.295 667.469        
700.295 667.469        
700.295 667.469        
700.295 667.469        
700.295 667.469        
700.295 667.469        
700.295 667.469        
700.295 667.469        
700.295 667.469        
700.295 667.469        
700.295 667.469        
700.295 667.469        
700.295 667.469        
700.295 667.469        
700.295 667.469        
700.295 667.469        
700.295 667.469        
700.295 667.469        
700.295 667.469        
700.295 667.469        
700.295 667.469        
700.295 667.469        
700.295 667.469        
700.295 667.469        
700.295 667.469        
700.295 667.469        
700.295 667.469        
700.295 667.469        
700.295 667.469        
700.295 667.469        
700.295 667.469        
700.295 667.469        
700.295 667.469        
700.295 667.469        
700.295 667.469        
700.295 667.469        
700.295 667.469        
700.295 667.469        
700.295 667.469        
700.295 667.469        
700.295 667.469        
700.295 667.469        
700.295 667.469        
700.295 667.469        
700.295 667.469        
700.295 667.469        
700.295 667.469        
700.295 667.469        
700.295 667.469        
