1500
20.7394 34.3267        0
22.157 37.9186        0
24.2148 40.7422        0
26.8953 42.7834        0
30.2086 44.0503        0
34.2234 44.6045        0
39.2023 44.8934        0
44.1813 45.1823        0
48.7917 46.4009        0
52.8797 48.4721        0
56.3569 51.3351        0
59.1941 54.9666        0
62.0314 58.598        0
64.8686 62.2294        0
67.7058 65.8608        0
70.543 69.4922        0
73.3802 73.1236        0
76.2174 76.755        0
79.0546 80.3864        0
81.8918 84.0178        0
84.729 87.6492        0
88.3951 90.7211        0
92.0612 93.7931        0
95.7273 96.8651        0
99.3935 99.9371        0
103.06 103.009        0
106.726 106.081        0
110.392 109.153        0
114.058 112.225        0
117.724 115.297        0
121.39 118.369        0
124.408 122.203        0
127.426 126.036        0
130.444 129.87        0
133.462 133.703        0
136.48 137.537        0
139.498 141.371        0
142.516 145.204        0
145.535 149.038        0
149.261 152.166        0
152.988 155.294        0
156.715 158.422        0
160.442 161.55        0
164.168 164.678        0
167.895 167.806        0
171.622 170.934        0
175.348 174.062        0
179.075 177.19        0
182.802 180.319        0
186.529 183.447        0
189.565 187.298        0
192.601 191.149        0
195.637 195.001        0
198.673 198.852        0
201.71 202.703        0
204.746 206.555        0
207.782 210.406        0
210.818 214.257        0
214.555 217.395        0
218.292 220.533        0
222.029 223.672        0
225.767 226.81        0
229.504 229.948        0
233.241 233.086        0
236.978 236.224        0
240.715 239.362        0
244.452 242.5        0
248.189 245.638        0
251.926 248.777        0
254.964 252.629        0
258.001 256.481        0
261.038 260.334        0
264.076 264.186        0
267.113 268.039        0
270.15 271.891        0
273.187 275.744        0
276.225 279.596        0
279.964 282.737        0
283.704 285.877        0
287.444 289.018        0
291.184 292.159        0
294.923 295.3        0
298.663 298.44        0
302.403 301.581        0
306.143 304.722        0
309.882 307.862        0
313.622 311.003        0
317.362 314.144        0
320.398 317.995        0
323.433 321.846        0
326.469 325.697        0
329.505 329.547        0
332.541 333.398        0
335.577 337.249        0
338.612 341.1        0
341.648 344.951        0
345.389 348.093        0
349.131 351.236        0
352.872 354.378        0
356.613 357.52        0
360.354 360.662        0
364.096 363.804        0
367.837 366.947        0
371.578 370.089        0
375.319 373.231        0
379.06 376.373        0
382.802 379.515        0
385.836 383.364        0
388.87 387.213        0
391.903 391.062        0
394.937 394.912        0
397.971 398.761        0
401.005 402.61        0
404.039 406.459        0
407.073 410.308        0
410.816 413.451        0
414.558 416.595        0
418.301 419.739        0
422.043 422.882        0
425.786 426.026        0
429.529 429.169        0
433.271 432.313        0
437.014 435.456        0
440.757 438.6        0
444.499 441.743        0
448.242 444.887        0
451.274 448.734        0
454.306 452.581        0
457.338 456.429        0
460.37 460.276        0
463.402 464.123        0
466.434 467.97        0
469.466 471.818        0
472.498 475.665        0
476.242 478.81        0
479.986 481.955        0
483.731 485.1        0
487.475 488.245        0
491.219 491.39        0
494.963 494.535        0
498.707 497.68        1
502.451 500.825        1
505.41 503.35        1
507.769 505.075        1
509.552 505.983        1
510.738 506.088        1
511.267 505.44        1
511.024 504.156        1
510.78 502.873        1
510.537 501.589        1
510.294 500.305        1
510.051 499.021        1
508.932 498.22        1
506.967 497.953        1
504.133 498.18        1
501.298 498.406        1
498.464 498.632        1
495.63 498.858        1
492.795 499.085        1
489.961 499.311        1
487.127 499.537        1
484.292 499.764        1
481.458 499.99        1
478.624 500.216        1
475.147 499.676        1
471.671 499.135        1
468.194 498.595        1
464.718 498.055        1
461.241 497.514        1
457.765 496.974        1
454.288 496.434        1
450.812 495.893        1
447.335 495.353        1
443.859 494.813        1
440.382 494.273        1
436.906 493.732        1
433.429 493.192        1
429.953 492.652        1
426.476 492.111        1
423 491.571        1
419.523 491.031        1
416.047 490.49        1
412.57 489.95        1
409.094 489.41        1
405.617 488.869        1
401.333 487.739        2
397.049 486.609        2
393.161 484.561        2
389.83 481.682        2
387.124 478.022        2
384.418 474.363        2
381.712 470.703        2
379.006 467.044        2
376.3 463.384        2
373.594 459.725        2
370.888 456.065        2
368.182 452.406        2
365.476 448.746        2
362.77 445.087        2
360.063 441.427        2
357.357 437.768        2
354.651 434.108        2
351.945 430.449        2
349.239 426.789        2
346.533 423.13        2
343.827 419.47        2
341.121 415.811        2
338.415 412.151        2
335.709 408.492        2
333.003 404.832        2
330.297 401.173        2
327.591 397.513        2
324.885 393.854        2
322.179 390.194        2
319.473 386.535        2
315.877 383.332        2
312.281 380.129        2
308.686 376.926        2
305.09 373.723        2
301.494 370.52        2
297.899 367.318        2
295.04 363.439        2
292.181 359.56        2
289.323 355.682        2
286.464 351.803        2
283.605 347.924        2
280.747 344.046        2
277.888 340.167        2
275.03 336.288        2
272.171 332.409        2
269.312 328.531        2
266.454 324.652        2
263.595 320.773        2
260.736 316.895        2
257.878 313.016        2
255.019 309.137        2
252.16 305.259        2
249.302 301.38        2
246.443 297.501        2
243.584 293.623        2
240.726 289.744        2
237.867 285.865        2
235.009 281.987        2
231.358 278.718        2
227.707 275.45        2
224.056 272.181        2
220.405 268.913        2
216.754 265.644        2
213.103 262.375        2
210.216 258.462        2
207.33 254.548        2
204.443 250.635        2
201.556 246.721        2
198.669 242.808        2
195.783 238.894        2
192.896 234.981        2
190.009 231.067        2
187.122 227.154        2
184.236 223.24        2
181.349 219.327        2
178.462 215.413        2
175.576 211.5        2
172.689 207.586        2
169.802 203.673        2
166.915 199.759        2
164.029 195.846        2
161.142 191.932        2
158.255 188.019        2
155.369 184.105        2
152.482 180.192        2
148.813 176.901        2
145.143 173.61        2
141.474 170.32        2
137.805 167.029        2
134.136 163.738        2
130.467 160.447        2
127.578 156.531        2
124.689 152.614        2
121.799 148.698        2
118.91 144.781        2
116.021 140.865        2
113.132 136.948        2
110.243 133.032        2
107.354 129.115        2
104.465 125.199        2
101.576 121.282        2
98.6865 117.366        2
95.7974 113.449        2
92.9083 109.533        2
90.0192 105.616        2
87.1301 101.7        2
84.241 97.7832        2
81.3518 93.8667        2
78.4627 89.9502        2
75.5736 86.0337        2
72.6845 82.1172        2
69.7954 78.2007        2
66.9062 74.2842        2
63.2385 70.9952        2
59.5707 67.7061        2
55.903 64.4171        2
52.2352 61.1281        2
48.5674 57.839        2
44.8997 54.55        2
42.0098 50.6326        2
39.12 46.7152        2
36.2301 42.7977        2
33.3402 38.8803        2
30.4504 34.9629        2
27.5605 31.0455        2
24.6707 27.1281        2
21.7808 23.2107        3
18.891 19.2933        3
16.5911 16.1833        3
15.0259 13.7517        3
14.2188 11.9723        3
14.163 10.8527        3
14.8238 10.4307        3
16.1138 10.7859        3
17.8258 12.0478        3
19.5378 13.3096        3
21.2498 14.5715        3
22.3548 16.6281        3
22.7115 19.3479        3
22.2773 22.6799        3
21.8432 26.0118        3
21.4091 29.3438        3
20.9749 32.6757        3
20.5408 36.0077        3
20.1067 39.3396        3
19.6726 42.6716        3
19.2384 46.0035        3
18.8043 49.3355        3
18.3702 52.6674        3
17.9361 55.9994        3
17.5019 59.3314        3
17.0678 62.6633        3
16.6337 65.9953        3
16.1996 69.3272        3
15.7654 72.6592        3
15.3313 75.9911        3
14.8972 79.3231        3
14.4631 82.655        3
14.0289 85.987        3
13.5948 89.3189        3
13.1607 92.6509        3
12.7265 95.9829        3
12.2924 99.3148        3
11.8583 102.647        3
11.4242 105.979        3
10.99 109.311        3
10.5559 112.643        3
10.1218 115.975        3
9.68767 119.307        3
9.25354 122.638        3
8.81941 125.97        3
8.38529 129.302        3
7.95116 132.634        3
7.51704 135.966        3
7.74356 140.049        3
7.97008 144.132        3
8.19661 148.214        3
8.42313 152.297        3
8.64966 156.38        3
8.87618 160.462        3
9.10271 164.545        3
9.32923 168.627        3
8.61212 173.041        3
7.895 177.455        3
7.17789 181.868        3
6.46078 186.282        3
5.74367 190.696        3
5.02655 195.109        3
4.30944 199.523        3
3.59233 203.937        3
2.87521 208.35        3
2.1581 212.764        3
1.44099 217.177        3
0.723875 221.591        3
0.00676167 226.005        3
-0.710351 230.418        3
-0.481173 235.155        3
-0.251994 239.892        3
-0.0228155 244.629        3
0.206363 249.366        4
1.18871 253.445        4
2.62511 256.633        4
4.35049 258.864        4
6.28015 260.116        4
8.37419 260.382        4
10.6315 259.66        4
13.1107 257.964        4
16.0257 255.368        4
19.9263 252.602        4
23.8269 249.837        4
28.0864 248.005        4
32.5586 247.149        4
37.167 247.285        4
41.9391 248.407        4
46.7113 249.529        4
51.4834 250.651        4
56.2556 251.773        4
61.1007 251.898        4
65.9459 252.022        4
70.7911 252.147        4
75.6363 252.272        4
80.4815 252.396        4
85.3366 251.521        4
90.1917 250.646        4
95.0468 249.771        4
99.9019 248.895        4
104.757 248.02        4
109.637 248.145        4
114.518 248.269        4
119.398 248.393        4
124.278 248.518        4
129.159 248.642        4
134.039 248.767        4
138.919 248.891        4
143.8 249.015        4
148.68 249.14        4
153.56 249.264        4
158.441 249.389        4
163.321 249.513        4
168.201 249.638        4
173.082 249.762        4
177.962 249.886        4
182.842 250.011        4
187.723 250.135        4
192.603 250.26        4
197.483 250.384        4
202.364 250.509        4
207.244 250.633        4
212.124 250.757        4
217.005 250.882        4
221.885 251.006        4
226.765 251.131        4
231.646 251.255        4
236.526 251.379        4
241.406 251.504        4
246.287 251.628        4
251.167 251.753        4
256.047 251.877        4
260.928 252.002        4
265.808 252.126        4
270.688 252.25        4
275.569 252.375        4
280.449 252.499        4
285.305 251.624        4
290.161 250.749        4
295.017 249.873        4
299.873 248.998        4
304.729 248.123        4
309.615 248.247        4
314.502 248.371        4
319.389 248.496        4
324.275 248.62        4
329.162 248.744        4
334.049 248.868        4
338.936 248.993        4
343.822 249.117        4
348.709 249.241        4
353.596 249.365        4
358.482 249.49        4
363.369 249.614        4
368.256 249.738        4
373.143 249.862        4
378.029 249.987        4
382.916 250.111        4
387.803 250.235        4
392.689 250.359        4
397.576 250.484        4
402.463 250.608        4
407.349 250.732        4
412.236 250.856        4
417.123 250.981        4
422.01 251.105        4
426.896 251.229        4
431.783 251.353        4
436.67 251.478        4
441.556 251.602        4
446.443 251.726        4
451.33 251.85        4
456.217 251.974        4
461.103 252.099        4
465.99 252.223        4
470.877 252.347        4
475.763 252.471        4
480.623 251.596        4
485.483 250.721        4
490.343 249.845        4
495.203 248.97        5
500.062 248.095        5
504.011 247.63        5
507.068 247.621        5
509.231 248.058        5
510.48 248.9        5
510.779 250.058        5
510.088 251.352        5
509.397 252.646        5
508.707 253.939        5
508.016 255.233        5
506.759 255.702        5
505.03 255.29        5
502.831 253.995        5
500.631 252.701        5
498.432 251.406        5
496.232 250.112        5
494.033 248.817        5
491.833 247.523        5
489.634 246.228        5
487.434 244.933        5
485.235 243.639        5
483.035 242.344        5
480.835 241.05        5
478.636 239.755        5
476.436 238.461        5
474.237 237.166        5
472.037 235.871        5
469.838 234.577        5
467.638 233.282        5
465.439 231.988        5
462.266 230.923        5
459.093 229.859        5
455.921 228.795        5
452.748 227.73        5
449.575 226.666        5
446.403 225.602        5
443.23 224.537        5
440.057 223.473        5
436.885 222.409        5
433.712 221.344        5
430.539 220.28        5
427.366 219.216        5
424.194 218.151        5
421.021 217.087        5
417.549 215.069        5
414.076 213.05        5
410.603 211.032        5
407.131 209.014        5
403.658 206.995        5
400.186 204.977        5
396.713 202.959        5
393.24 200.94        5
389.768 198.922        5
386.295 196.904        5
382.823 194.885        5
378.568 193.49        5
374.313 192.094        5
370.058 190.699        5
365.803 189.303        5
361.548 187.908        5
357.293 186.512        5
353.038 185.117        5
348.783 183.721        5
344.528 182.326        5
340.273 180.93        5
336.213 178.554        5
332.153 176.178        5
328.094 173.802        5
324.034 171.425        5
319.974 169.049        5
315.914 166.673        5
311.855 164.297        5
307.795 161.92        5
303.735 159.544        5
299.151 158.019        5
294.568 156.495        5
289.984 154.97        5
285.4 153.446        5
280.816 151.921        5
276.232 150.397        5
271.649 148.872        5
267.065 147.347        5
262.481 145.823        5
258.268 143.37        5
254.055 140.916        5
249.842 138.463        5
245.629 136.01        5
241.416 133.557        5
237.203 131.103        5
232.991 128.65        5
228.778 126.197        5
224.565 123.744        5
219.935 122.199        5
215.305 120.655        5
210.675 119.111        5
206.045 117.566        5
201.415 116.022        5
196.785 114.478        5
192.155 112.933        5
187.525 111.389        5
182.895 109.844        5
178.649 107.377        5
174.403 104.909        5
170.157 102.441        5
165.912 99.9738        5
161.666 97.5061        5
157.42 95.0385        5
153.174 92.5708        5
148.928 90.1031        5
144.267 88.5452        5
139.606 86.9873        5
134.945 85.4294        5
130.284 83.8715        5
125.623 82.3136        5
120.962 80.7557        5
116.301 79.1978        5
111.64 77.6399        5
106.979 76.082        5
102.74 73.6174        5
98.5006 71.1529        5
94.2615 68.6884        5
90.0224 66.2238        5
85.7833 63.7593        5
81.5442 61.2947        5
77.3051 58.8302        5
73.066 56.3657        5
68.8269 53.9011        5
64.1815 52.3503        5
59.5361 50.7995        5
54.8907 49.2487        5
50.2453 47.698        5
45.5999 46.1472        5
40.9545 44.5964        5
36.3091 43.0456        5
31.6637 41.4948        5
27.0183 39.944        5
22.7721 37.4763        5
18.5258 35.0086        5
18.5258 35.0086        6
18.5258 35.0086        6
18.5258 35.0086        6
18.5258 35.0086        6
18.5258 35.0086        6
18.5258 35.0086        6
18.5258 35.0086        6
18.5258 35.0086        6
18.5258 35.0086        6
18.5258 35.0086        6
18.5258 35.0086        6
18.5258 35.0086        6
18.5258 35.0086        6
18.5258 35.0086        6
18.5258 35.0086        6
18.5258 35.0086        6
18.5258 35.0086        6
18.5258 35.0086        6
18.5258 35.0086        6
18.5258 35.0086        6
18.5258 35.0086        6
18.5258 35.0086        6
18.5258 35.0086        6
18.5258 35.0086        6
18.5258 35.0086        6
18.5258 35.0086        6
18.5258 35.0086        6
18.5258 35.0086        6
18.5258 35.0086        6
18.5258 35.0086        6
18.5258 35.0086        6
18.5258 35.0086        6
18.5258 35.0086        6
18.5258 35.0086        6
18.5258 35.0086        6
18.5258 35.0086        6
18.5258 35.0086        6
18.5258 35.0086        6
18.5258 35.0086        6
18.5258 35.0086        6
18.5258 35.0086        6
18.5258 35.0086        6
18.5258 35.0086        6
18.5258 35.0086        6
18.5258 35.0086        6
18.5258 35.0086        6
18.5258 35.0086        6
18.5258 35.0086        6
18.5258 35.0086        6
18.5258 35.0086        6
18.5258 35.0086        6
18.5258 35.0086        6
18.5258 35.0086        6
18.5258 35.0086        6
18.5258 35.0086        6
18.5258 35.0086        6
18.5258 35.0086        6
18.5258 35.0086        6
18.5258 35.0086        6
18.5258 35.0086        6
18.5258 35.0086        6
18.5258 35.0086        6
18.5258 35.0086        6
18.5258 35.0086        6
18.5258 35.0086        6
18.5258 35.0086        6
18.5258 35.0086        6
18.5258 35.0086        6
18.5258 35.0086        6
18.5258 35.0086        6
18.5258 35.0086        6
18.5258 35.0086        6
18.5258 35.0086        6
18.5258 35.0086        6
18.5258 35.0086        6
18.5258 35.0086        6
18.5258 35.0086        6
18.5258 35.0086        6
18.5258 35.0086        6
18.5258 35.0086        6
18.5258 35.0086        6
18.5258 35.0086        6
18.5258 35.0086        6
18.5258 35.0086        6
18.5258 35.0086        6
18.5258 35.0086        6
18.5258 35.0086        6
18.5258 35.0086        6
18.5258 35.0086        6
18.5258 35.0086        6
18.5258 35.0086        6
18.5258 35.0086        6
18.5258 35.0086        6
18.5258 35.0086        6
18.5258 35.0086        6
18.5258 35.0086        6
18.5258 35.0086        6
18.5258 35.0086        6
18.5258 35.0086        6
18.5258 35.0086        6
18.5258 35.0086        6
18.5258 35.0086        6
18.5258 35.0086        6
18.5258 35.0086        6
18.5258 35.0086        6
18.5258 35.0086        6
18.5258 35.0086        6
18.5258 35.0086        6
18.5258 35.0086        6
18.5258 35.0086        6
18.5258 35.0086        6
18.5258 35.0086        6
18.5258 35.0086        6
18.5258 35.0086        6
18.5258 35.0086        6
18.5258 35.0086        6
18.5258 35.0086        6
18.5258 35.0086        6
18.5258 35.0086        6
18.5258 35.0086        6
18.5258 35.0086        6
18.5258 35.0086        6
18.5258 35.0086        6
18.5258 35.0086        6
18.5258 35.0086        6
18.5258 35.0086        6
18.5258 35.0086        6
18.5258 35.0086        6
18.5258 35.0086        6
18.5258 35.0086        6
18.5258 35.0086        6
18.5258 35.0086        6
18.5258 35.0086        6
18.5258 35.0086        6
18.5258 35.0086        6
18.5258 35.0086        6
18.5258 35.0086        6
18.5258 35.0086        6
18.5258 35.0086        6
18.5258 35.0086        6
18.5258 35.0086        6
18.5258 35.0086        6
18.5258 35.0086        6
18.5258 35.0086        6
18.5258 35.0086        6
18.5258 35.0086        6
18.5258 35.0086        6
18.5258 35.0086        6
18.5258 35.0086        6
18.5258 35.0086        6
18.5258 35.0086        6
18.5258 35.0086        6
18.5258 35.0086        6
18.5258 35.0086        6
18.5258 35.0086        6
18.5258 35.0086        6
18.5258 35.0086        6
18.5258 35.0086        6
18.5258 35.0086        6
18.5258 35.0086        6
18.5258 35.0086        6
18.5258 35.0086        6
18.5258 35.0086        6
18.5258 35.0086        6
18.5258 35.0086        6
18.5258 35.0086        6
18.5258 35.0086        6
18.5258 35.0086        6
18.5258 35.0086        6
18.5258 35.0086        6
18.5258 35.0086        6
18.5258 35.0086        6
18.5258 35.0086        6
18.5258 35.0086        6
18.5258 35.0086        6
18.5258 35.0086        6
18.5258 35.0086        6
18.5258 35.0086        6
18.5258 35.0086        6
18.5258 35.0086        6
18.5258 35.0086        6
18.5258 35.0086        6
18.5258 35.0086        6
18.5258 35.0086        6
18.5258 35.0086        6
18.5258 35.0086        6
18.5258 35.0086        6
18.5258 35.0086        6
18.5258 35.0086        6
18.5258 35.0086        6
18.5258 35.0086        6
18.5258 35.0086        6
18.5258 35.0086        6
18.5258 35.0086        6
18.5258 35.0086        6
18.5258 35.0086        6
18.5258 35.0086        6
18.5258 35.0086        6
18.5258 35.0086        6
18.5258 35.0086        6
18.5258 35.0086        6
18.5258 35.0086        6
18.5258 35.0086        6
18.5258 35.0086        6
18.5258 35.0086        6
18.5258 35.0086        6
18.5258 35.0086        6
18.5258 35.0086        6
18.5258 35.0086        6
18.5258 35.0086        6
18.5258 35.0086        6
18.5258 35.0086        6
18.5258 35.0086        6
18.5258 35.0086        6
18.5258 35.0086        6
18.5258 35.0086        6
18.5258 35.0086        6
18.5258 35.0086        6
18.5258 35.0086        6
18.5258 35.0086        6
18.5258 35.0086        6
18.5258 35.0086        6
18.5258 35.0086        6
18.5258 35.0086        6
18.5258 35.0086        6
18.5258 35.0086        6
18.5258 35.0086        6
18.5258 35.0086        6
18.5258 35.0086        6
18.5258 35.0086        6
18.5258 35.0086        6
18.5258 35.0086        6
18.5258 35.0086        6
18.5258 35.0086        6
18.5258 35.0086        6
18.5258 35.0086        6
18.5258 35.0086        6
18.5258 35.0086        6
18.5258 35.0086        6
18.5258 35.0086        6
18.5258 35.0086        6
18.5258 35.0086        6
18.5258 35.0086        6
18.5258 35.0086        6
18.5258 35.0086        6
18.5258 35.0086        6
18.5258 35.0086        6
18.5258 35.0086        6
18.5258 35.0086        6
18.5258 35.0086        6
18.5258 35.0086        6
18.5258 35.0086        6
18.5258 35.0086        6
18.5258 35.0086        6
18.5258 35.0086        6
18.5258 35.0086        6
18.5258 35.0086        6
18.5258 35.0086        6
18.5258 35.0086        6
18.5258 35.0086        6
18.5258 35.0086        6
18.5258 35.0086        6
18.5258 35.0086        6
18.5258 35.0086        6
18.5258 35.0086        6
18.5258 35.0086        6
18.5258 35.0086        6
18.5258 35.0086        6
18.5258 35.0086        6
18.5258 35.0086        6
18.5258 35.0086        6
18.5258 35.0086        6
18.5258 35.0086        6
18.5258 35.0086        6
18.5258 35.0086        6
18.5258 35.0086        6
18.5258 35.0086        6
18.5258 35.0086        6
18.5258 35.0086        6
18.5258 35.0086        6
18.5258 35.0086        6
18.5258 35.0086        6
18.5258 35.0086        6
18.5258 35.0086        6
18.5258 35.0086        6
18.5258 35.0086        6
18.5258 35.0086        6
18.5258 35.0086        6
18.5258 35.0086        6
18.5258 35.0086        6
18.5258 35.0086        6
18.5258 35.0086        6
18.5258 35.0086        6
18.5258 35.0086        6
18.5258 35.0086        6
18.5258 35.0086        6
18.5258 35.0086        6
18.5258 35.0086        6
18.5258 35.0086        6
18.5258 35.0086        6
18.5258 35.0086        6
18.5258 35.0086        6
18.5258 35.0086        6
18.5258 35.0086        6
18.5258 35.0086        6
18.5258 35.0086        6
18.5258 35.0086        6
18.5258 35.0086        6
18.5258 35.0086        6
18.5258 35.0086        6
18.5258 35.0086        6
18.5258 35.0086        6
18.5258 35.0086        6
18.5258 35.0086        6
18.5258 35.0086        6
18.5258 35.0086        6
18.5258 35.0086        6
18.5258 35.0086        6
18.5258 35.0086        6
18.5258 35.0086        6
18.5258 35.0086        6
18.5258 35.0086        6
18.5258 35.0086        6
18.5258 35.0086        6
18.5258 35.0086        6
18.5258 35.0086        6
18.5258 35.0086        6
18.5258 35.0086        6
18.5258 35.0086        6
18.5258 35.0086        6
18.5258 35.0086        6
18.5258 35.0086        6
18.5258 35.0086        6
18.5258 35.0086        6
18.5258 35.0086        6
18.5258 35.0086        6
18.5258 35.0086        6
18.5258 35.0086        6
18.5258 35.0086        6
18.5258 35.0086        6
18.5258 35.0086        6
18.5258 35.0086        6
18.5258 35.0086        6
18.5258 35.0086        6
18.5258 35.0086        6
18.5258 35.0086        6
18.5258 35.0086        6
18.5258 35.0086        6
18.5258 35.0086        6
18.5258 35.0086        6
18.5258 35.0086        6
18.5258 35.0086        6
18.5258 35.0086        6
18.5258 35.0086        6
18.5258 35.0086        6
18.5258 35.0086        6
18.5258 35.0086        6
18.5258 35.0086        6
18.5258 35.0086        6
18.5258 35.0086        6
18.5258 35.0086        6
18.5258 35.0086        6
18.5258 35.0086        6
18.5258 35.0086        6
18.5258 35.0086        6
18.5258 35.0086        6
18.5258 35.0086        6
18.5258 35.0086        6
18.5258 35.0086        6
18.5258 35.0086        6
18.5258 35.0086        6
18.5258 35.0086        6
18.5258 35.0086        6
18.5258 35.0086        6
18.5258 35.0086        6
18.5258 35.0086        6
18.5258 35.0086        6
18.5258 35.0086        6
18.5258 35.0086        6
18.5258 35.0086        6
18.5258 35.0086        6
18.5258 35.0086        6
18.5258 35.0086        6
18.5258 35.0086        6
18.5258 35.0086        6
18.5258 35.0086        6
18.5258 35.0086        6
18.5258 35.0086        6
18.5258 35.0086        6
18.5258 35.0086        6
18.5258 35.0086        6
18.5258 35.0086        6
18.5258 35.0086        6
18.5258 35.0086        6
18.5258 35.0086        6
18.5258 35.0086        6
18.5258 35.0086        6
18.5258 35.0086        6
18.5258 35.0086        6
18.5258 35.0086        6
18.5258 35.0086        6
18.5258 35.0086        6
18.5258 35.0086        6
18.5258 35.0086        6
18.5258 35.0086        6
18.5258 35.0086        6
18.5258 35.0086        6
18.5258 35.0086        6
18.5258 35.0086        6
18.5258 35.0086        6
18.5258 35.0086        6
18.5258 35.0086        6
18.5258 35.0086        6
18.5258 35.0086        6
18.5258 35.0086        6
18.5258 35.0086        6
18.5258 35.0086        6
18.5258 35.0086        6
18.5258 35.0086        6
18.5258 35.0086        6
18.5258 35.0086        6
18.5258 35.0086        6
18.5258 35.0086        6
18.5258 35.0086        6
18.5258 35.0086        6
18.5258 35.0086        6
18.5258 35.0086        6
18.5258 35.0086        6
18.5258 35.0086        6
18.5258 35.0086        6
18.5258 35.0086        6
18.5258 35.0086        6
18.5258 35.0086        6
18.5258 35.0086        6
18.5258 35.0086        6
18.5258 35.0086        6
18.5258 35.0086        6
18.5258 35.0086        6
18.5258 35.0086        6
18.5258 35.0086        6
18.5258 35.0086        6
18.5258 35.0086        6
18.5258 35.0086        6
18.5258 35.0086        6
18.5258 35.0086        6
18.5258 35.0086        6
18.5258 35.0086        6
18.5258 35.0086        6
18.5258 35.0086        6
18.5258 35.0086        6
18.5258 35.0086        6
18.5258 35.0086        6
18.5258 35.0086        6
18.5258 35.0086        6
18.5258 35.0086        6
18.5258 35.0086        6
18.5258 35.0086        6
18.5258 35.0086        6
18.5258 35.0086        6
18.5258 35.0086        6
18.5258 35.0086        6
18.5258 35.0086        6
18.5258 35.0086        6
18.5258 35.0086        6
18.5258 35.0086        6
18.5258 35.0086        6
18.5258 35.0086        6
18.5258 35.0086        6
18.5258 35.0086        6
18.5258 35.0086        6
18.5258 35.0086        6
18.5258 35.0086        6
18.5258 35.0086        6
18.5258 35.0086        6
18.5258 35.0086        6
18.5258 35.0086        6
18.5258 35.0086        6
18.5258 35.0086        6
18.5258 35.0086        6
18.5258 35.0086        6
18.5258 35.0086        6
18.5258 35.0086        6
18.5258 35.0086        6
18.5258 35.0086        6
18.5258 35.0086        6
18.5258 35.0086        6
18.5258 35.0086        6
18.5258 35.0086        6
18.5258 35.0086        6
18.5258 35.0086        6
18.5258 35.0086        6
18.5258 35.0086        6
18.5258 35.0086        6
18.5258 35.0086        6
18.5258 35.0086        6
18.5258 35.0086        6
18.5258 35.0086        6
18.5258 35.0086        6
18.5258 35.0086        6
18.5258 35.0086        6
18.5258 35.0086        6
18.5258 35.0086        6
18.5258 35.0086        6
18.5258 35.0086        6
18.5258 35.0086        6
18.5258 35.0086        6
18.5258 35.0086        6
18.5258 35.0086        6
18.5258 35.0086        6
18.5258 35.0086        6
18.5258 35.0086        6
18.5258 35.0086        6
18.5258 35.0086        6
18.5258 35.0086        6
18.5258 35.0086        6
18.5258 35.0086        6
18.5258 35.0086        6
18.5258 35.0086        6
18.5258 35.0086        6
18.5258 35.0086        6
18.5258 35.0086        6
18.5258 35.0086        6
18.5258 35.0086        6
18.5258 35.0086        6
18.5258 35.0086        6
18.5258 35.0086        6
18.5258 35.0086        6
18.5258 35.0086        6
18.5258 35.0086        6
18.5258 35.0086        6
18.5258 35.0086        6
18.5258 35.0086        6
18.5258 35.0086        6
18.5258 35.0086        6
18.5258 35.0086        6
18.5258 35.0086        6
18.5258 35.0086        6
18.5258 35.0086        6
18.5258 35.0086        6
18.5258 35.0086        6
18.5258 35.0086        6
18.5258 35.0086        6
18.5258 35.0086        6
18.5258 35.0086        6
18.5258 35.0086        6
18.5258 35.0086        6
18.5258 35.0086        6
18.5258 35.0086        6
18.5258 35.0086        6
18.5258 35.0086        6
18.5258 35.0086        6
18.5258 35.0086        6
18.5258 35.0086        6
18.5258 35.0086        6
18.5258 35.0086        6
18.5258 35.0086        6
18.5258 35.0086        6
18.5258 35.0086        6
18.5258 35.0086        6
18.5258 35.0086        6
18.5258 35.0086        6
18.5258 35.0086        6
18.5258 35.0086        6
18.5258 35.0086        6
18.5258 35.0086        6
18.5258 35.0086        6
18.5258 35.0086        6
18.5258 35.0086        6
18.5258 35.0086        6
18.5258 35.0086        6
18.5258 35.0086        6
18.5258 35.0086        6
18.5258 35.0086        6
18.5258 35.0086        6
18.5258 35.0086        6
18.5258 35.0086        6
18.5258 35.0086        6
18.5258 35.0086        6
18.5258 35.0086        6
18.5258 35.0086        6
18.5258 35.0086        6
18.5258 35.0086        6
18.5258 35.0086        6
18.5258 35.0086        6
18.5258 35.0086        6
18.5258 35.0086        6
18.5258 35.0086        6
18.5258 35.0086        6
18.5258 35.0086        6
18.5258 35.0086        6
18.5258 35.0086        6
18.5258 35.0086        6
18.5258 35.0086        6
18.5258 35.0086        6
18.5258 35.0086        6
18.5258 35.0086        6
18.5258 35.0086        6
18.5258 35.0086        6
18.5258 35.0086        6
18.5258 35.0086        6
18.5258 35.0086        6
18.5258 35.0086        6
18.5258 35.0086        6
18.5258 35.0086        6
18.5258 35.0086        6
18.5258 35.0086        6
18.5258 35.0086        6
18.5258 35.0086        6
18.5258 35.0086        6
18.5258 35.0086        6
18.5258 35.0086        6
18.5258 35.0086        6
18.5258 35.0086        6
18.5258 35.0086        6
18.5258 35.0086        6
18.5258 35.0086        6
18.5258 35.0086        6
18.5258 35.0086        6
18.5258 35.0086        6
18.5258 35.0086        6
18.5258 35.0086        6
18.5258 35.0086        6
18.5258 35.0086        6
18.5258 35.0086        6
18.5258 35.0086        6
18.5258 35.0086        6
18.5258 35.0086        6
18.5258 35.0086        6
18.5258 35.0086        6
18.5258 35.0086        6
18.5258 35.0086        6
18.5258 35.0086        6
18.5258 35.0086        6
18.5258 35.0086        6
18.5258 35.0086        6
18.5258 35.0086        6
18.5258 35.0086        6
18.5258 35.0086        6
18.5258 35.0086        6
18.5258 35.0086        6
18.5258 35.0086        6
18.5258 35.0086        6
18.5258 35.0086        6
18.5258 35.0086        6
18.5258 35.0086        6
18.5258 35.0086        6
18.5258 35.0086        6
18.5258 35.0086        6
18.5258 35.0086        6
18.5258 35.0086        6
18.5258 35.0086        6
18.5258 35.0086        6
18.5258 35.0086        6
18.5258 35.0086        6
18.5258 35.0086        6
18.5258 35.0086        6
18.5258 35.0086        6
18.5258 35.0086        6
18.5258 35.0086        6
18.5258 35.0086        6
18.5258 35.0086        6
18.5258 35.0086        6
18.5258 35.0086        6
18.5258 35.0086        6
18.5258 35.0086        6
18.5258 35.0086        6
18.5258 35.0086        6
18.5258 35.0086        6
18.5258 35.0086        6
18.5258 35.0086        6
18.5258 35.0086        6
18.5258 35.0086        6
18.5258 35.0086        6
18.5258 35.0086        6
18.5258 35.0086        6
18.5258 35.0086        6
18.5258 35.0086        6
18.5258 35.0086        6
18.5258 35.0086        6
18.5258 35.0086        6
18.5258 35.0086        6
18.5258 35.0086        6
18.5258 35.0086        6
18.5258 35.0086        6
18.5258 35.0086        6
18.5258 35.0086        6
18.5258 35.0086        6
18.5258 35.0086        6
18.5258 35.0086        6
18.5258 35.0086        6
18.5258 35.0086        6
18.5258 35.0086        6
18.5258 35.0086        6
18.5258 35.0086        6
18.5258 35.0086        6
18.5258 35.0086        6
18.5258 35.0086        6
18.5258 35.0086        6
18.5258 35.0086        6
18.5258 35.0086        6
18.5258 35.0086        6
18.5258 35.0086        6
18.5258 35.0086        6
18.5258 35.0086        6
18.5258 35.0086        6
18.5258 35.0086        6
18.5258 35.0086        6
18.5258 35.0086        6
18.5258 35.0086        6
18.5258 35.0086        6
18.5258 35.0086        6
18.5258 35.0086        6
18.5258 35.0086        6
18.5258 35.0086        6
18.5258 35.0086        6
18.5258 35.0086        6
18.5258 35.0086        6
18.5258 35.0086        6
18.5258 35.0086        6
18.5258 35.0086        6
18.5258 35.0086        6
18.5258 35.0086        6
18.5258 35.0086        6
18.5258 35.0086        6
18.5258 35.0086        6
18.5258 35.0086        6
18.5258 35.0086        6
18.5258 35.0086        6
18.5258 35.0086        6
18.5258 35.0086        6
18.5258 35.0086        6
18.5258 35.0086        6
18.5258 35.0086        6
18.5258 35.0086        6
18.5258 35.0086        6
18.5258 35.0086        6
18.5258 35.0086        6
18.5258 35.0086        6
18.5258 35.0086        6
18.5258 35.0086        6
18.5258 35.0086        6
18.5258 35.0086        6
18.5258 35.0086        6
18.5258 35.0086        6
18.5258 35.0086        6
18.5258 35.0086        6
18.5258 35.0086        6
18.5258 35.0086        6
18.5258 35.0086        6
18.5258 35.0086        6
18.5258 35.0086        6
18.5258 35.0086        6
18.5258 35.0086        6
18.5258 35.0086        6
18.5258 35.0086        6
18.5258 35.0086        6
18.5258 35.0086        6
18.5258 35.0086        6
18.5258 35.0086        6
18.5258 35.0086        6
18.5258 35.0086        6
18.5258 35.0086        6
18.5258 35.0086        6
18.5258 35.0086        6
18.5258 35.0086        6
18.5258 35.0086        6
18.5258 35.0086        6
18.5258 35.0086        6
18.5258 35.0086        6
18.5258 35.0086        6
18.5258 35.0086        6
18.5258 35.0086        6
18.5258 35.0086        6
18.5258 35.0086        6
18.5258 35.0086        6
18.5258 35.0086        6
18.5258 35.0086        6
18.5258 35.0086        6
18.5258 35.0086        6
18.5258 35.0086        6
18.5258 35.0086        6
18.5258 35.0086        6
18.5258 35.0086        6
18.5258 35.0086        6
18.5258 35.0086        6
18.5258 35.0086        6
18.5258 35.0086        6
18.5258 35.0086        6
18.5258 35.0086        6
18.5258 35.0086        6
18.5258 35.0086        6
18.5258 35.0086        6
18.5258 35.0086        6
18.5258 35.0086        6
18.5258 35.0086        6
18.5258 35.0086        6
18.5258 35.0086        6
18.5258 35.0086        6
18.5258 35.0086        6
18.5258 35.0086        6
18.5258 35.0086        6
18.5258 35.0086        6
18.5258 35.0086        6
18.5258 35.0086        6
18.5258 35.0086        6
18.5258 35.0086        6
18.5258 35.0086        6
18.5258 35.0086        6
18.5258 35.0086        6
18.5258 35.0086        6
18.5258 35.0086        6
18.5258 35.0086        6
18.5258 35.0086        6
18.5258 35.0086        6
18.5258 35.0086        6
18.5258 35.0086        6
18.5258 35.0086        6
18.5258 35.0086        6
18.5258 35.0086        6
18.5258 35.0086        6
18.5258 35.0086        6
18.5258 35.0086        6
18.5258 35.0086        6
18.5258 35.0086        6
18.5258 35.0086        6
18.5258 35.0086        6
18.5258 35.0086        6
18.5258 35.0086        6
18.5258 35.0086        6
18.5258 35.0086        6
18.5258 35.0086        6
18.5258 35.0086        6
18.5258 35.0086        6
18.5258 35.0086        6
18.5258 35.0086        6
18.5258 35.0086        6
18.5258 35.0086        6
18.5258 35.0086        6
18.5258 35.0086        6
18.5258 35.0086        6
18.5258 35.0086        6
18.5258 35.0086        6
18.5258 35.0086        6
18.5258 35.0086        6
18.5258 35.0086        6
18.5258 35.0086        6
18.5258 35.0086        6
18.5258 35.0086        6
18.5258 35.0086        6
18.5258 35.0086        6
18.5258 35.0086        6
18.5258 35.0086        6
18.5258 35.0086        6
18.5258 35.0086        6
18.5258 35.0086        6
18.5258 35.0086        6
18.5258 35.0086        6
18.5258 35.0086        6
18.5258 35.0086        6
18.5258 35.0086        6
18.5258 35.0086        6
18.5258 35.0086        6
18.5258 35.0086        6
18.5258 35.0086        6
18.5258 35.0086        6
18.5258 35.0086        6
18.5258 35.0086        6
18.5258 35.0086        6
18.5258 35.0086        6
18.5258 35.0086        6
