720
59.7704 50.5543
69.281 51.6495
78.4966 53.2671
87.3767 55.3822
95.8763 57.9612
103.947 60.9602
111.542 64.3239
118.617 67.9872
125.137 71.8789
131.078 75.9271
136.425 80.0643
141.173 84.2297
145.322 88.37
148.875 92.4391
151.838 96.3967
154.22 100.208
156.028 103.84
157.273 107.267
157.965 110.461
158.114 113.399
157.732 116.059
156.831 118.418
155.421 120.458
153.519 122.156
151.137 123.493
148.291 124.45
144.999 125.005
141.282 125.137
137.163 124.824
132.668 124.043
127.832 122.768
122.697 120.973
117.32 118.629
111.776 115.709
106.179 112.191
100.7 108.084
95.5916 103.507
91.0786 98.8534
87.1205 94.428
83.6681 90.3257
80.6926 86.5873
78.1756 83.236
76.1038 80.287
74.4666 77.7516
73.2554 75.6388
72.4624 73.9562
72.0809 72.7102
72.1043 71.9071
72.5264 71.5523
73.3409 71.6514
74.5413 72.21
76.1207 73.2336
78.0717 74.7283
80.3857 76.7008
83.0524 79.1587
86.0589 82.1111
89.3876 85.5697
93.0112 89.5507
96.8797 94.0795
100.857 99.1985
104.24 104.407
107.241 109.155
109.887 113.418
112.19 117.189
114.157 120.463
115.791 123.238
117.095 125.512
118.073 127.282
118.727 128.547
119.057 129.307
119.067 129.559
118.758 129.304
118.133 128.538
117.192 127.263
115.937 125.475
114.373 123.174
112.5 120.358
110.323 117.025
107.846 113.173
105.077 108.796
102.031 103.887
98.7621 98.4209
95.8394 93.4448
93.2319 88.9792
90.9345 85.0273
88.9449 81.5904
87.2619 78.6693
85.8845 76.2645
84.8119 74.3765
84.0436 73.0056
83.5789 72.1522
83.4175 71.8166
83.5588 71.999
84.0023 72.6997
84.7476 73.919
85.794 75.6572
87.1411 77.9147
88.7881 80.6919
90.7341 83.9892
92.9779 87.8074
95.5175 92.1476
98.3489 97.0122
101.455 102.41
104.256 107.292
106.755 111.654
108.955 115.497
110.854 118.82
112.455 121.624
113.757 123.906
114.759 125.669
115.464 126.911
115.869 127.633
115.976 127.834
115.785 127.515
115.296 126.675
114.508 125.314
113.423 123.433
112.04 121.03
110.359 118.107
108.381 114.662
106.96 111.441 
106.093 108.449 
105.778 105.693 
106.011 103.179 
106.791 100.915 
108.113 98.9068 
109.975 97.1602 
112.374 95.6819 
115.306 94.4783 
118.768 93.5559 
122.757 92.9215 
127.268 92.5818 
132.297 92.544 
137.841 92.8153 
143.895 93.4033 
150.453 94.3162 
157.51 95.5625 
165.059 97.1512 
173.094 99.0924 
181.607 101.397 
190.588 104.076 
200.027 107.143 
209.463 110.455 
219.08 113.196 
228.515 116.509 
238.132 119.25 
247.567 122.563 
257.184 125.304 
266.619 128.618 
276.236 131.36 
285.668 134.673 
294.887 138.546 
304.305 141.853 
313.165 144.942 
321.46 147.826 
329.19 150.509 
336.354 152.991 
342.953 155.274 
348.985 157.358 
354.452 159.243 
359.352 160.93 
363.685 162.419 
367.453 163.71 
370.653 164.803 
373.288 165.698 
375.355 166.397 
376.856 166.898 
377.791 167.202 
378.158 167.309 
377.959 167.219 
377.193 166.933 
375.86 166.45 
373.96 165.77 
371.493 164.895 
368.459 163.823 
364.858 162.555 
360.689 161.092 
355.954 159.433 
350.651 157.579 
344.781 155.529 
338.343 153.285 
331.337 150.847 
323.764 148.216 
315.622 145.391 
306.911 142.377 
297.629 139.18 
288.914 136.179 
280.766 133.373 
273.185 130.763 
266.172 128.348 
259.726 126.128 
253.847 124.104 
248.536 122.275 
243.792 120.642 
239.615 119.204 
236.005 117.961 
232.963 116.913 
230.488 116.061 
228.581 115.405 
227.24 114.943 
226.467 114.677 
226.262 114.607 
226.623 114.732 
227.552 115.052 
229.049 115.567 
231.112 116.278 
233.743 117.184 
236.941 118.285 
240.707 119.582 
245.039 121.074 
249.94 122.762 
255.407 124.645 
261.442 126.723 
268.044 128.996 
275.213 131.465 
282.95 134.129 
291.254 136.989 
300.125 140.043 
308.429 142.902 
316.166 145.566 
323.336 148.035 
329.938 150.308 
335.973 152.385 
341.44 154.268 
346.341 155.955 
350.674 157.447 
354.439 158.743 
357.637 159.844 
360.268 160.75 
362.332 161.461 
363.828 161.976 
364.757 162.296 
365.119 162.42 
364.914 162.35 
364.141 162.083 
362.8 161.622 
360.893 160.965 
358.418 160.113 
355.376 159.066 
351.766 157.823 
348.51 157.065
345.609 156.791
343.067 156.997
340.887 157.683
339.07 158.845
337.62 160.483
336.539 162.593
335.83 165.174
335.496 168.224
335.538 171.741
335.961 175.722
336.766 180.165
337.957 185.068
339.536 190.429
341.505 196.245
343.869 202.513
346.63 209.231
349.792 216.396
353.356 224.005
357.328 232.055
361.71 240.542
366.445 249.35
370.644 258.426
375.379 267.234
379.579 276.309
384.315 285.116
389.569 293.625
394.303 302.433
398.503 311.508
403.239 320.315
408.493 328.824
413.227 337.631
417.427 346.707
422.163 355.514
427.417 364.023
432.151 372.83
436.35 381.906
441.086 390.713
446.34 399.221
451.073 408.029
455.272 417.104
460.008 425.911
465.262 434.42
469.995 443.227
474.194 452.303
478.929 461.11
484.183 469.618
488.915 478.423
493.113 487.499
497.847 496.305
503.101 504.813
508.036 512.814
512.653 520.305
516.954 527.287
520.939 533.758
524.609 539.719
527.964 545.169
531.003 550.109
533.727 554.539
536.135 558.458
538.229 561.866
540.008 564.764
541.472 567.151
542.62 569.027
543.454 570.393
543.973 571.248
544.178 571.592
544.067 571.425
543.642 570.747
542.902 569.559
541.848 567.859
540.479 565.649
538.795 562.928
536.797 559.695
534.484 555.952
531.858 551.698
528.916 546.932
525.661 541.656
522.091 535.868
518.208 529.569
514.01 522.759
509.5 515.437
504.676 507.603
499.541 499.256
494.721 491.42
490.215 484.095
486.024 477.281
482.146 470.978
478.584 465.186
475.335 459.905
472.402 455.135
469.782 450.876
467.477 447.129
465.486 443.892
463.809 441.166
462.447 438.952
461.399 437.248
460.666 436.056
460.247 435.374
460.142 435.204
460.352 435.545
460.876 436.397
461.714 437.759
462.867 439.633
464.334 442.018
466.116 444.914
468.211 448.321
470.622 452.239
473.346 456.669
476.385 461.609
479.738 467.06
483.406 473.022
487.388 479.496
491.684 486.48
496.295 493.976
501.22 501.983
505.83 509.478
510.126 516.463
514.108 522.936
517.776 528.899
521.33 534.272
524.77 539.056
528.091 543.252
531.292 546.86
534.37 549.881
537.322 552.316
540.146 554.164
542.839 555.426
545.399 556.104
547.824 556.197
550.111 555.706
552.257 554.632
554.26 552.975
556.119 550.736
557.829 547.915
559.389 544.513
560.797 540.531
562.049 535.97
563.144 530.83
564.078 525.111
564.849 518.815
565.455 511.943
565.892 504.494
566.158 496.471
566.25 487.873
566.164 478.702
565.898 468.959
565.463 458.969
565.628 448.97
565.192 438.979
565.356 428.981
564.92 418.99
565.083 408.992
564.646 399.001
564.808 389.003
564.371 379.012
564.533 369.013
564.095 359.023
564.256 349.024
563.817 339.034
563.977 329.035
563.537 319.045
563.697 309.046
563.257 299.056
562.22 289.11
561.781 279.12
561.941 269.121
561.5 259.131
560.463 249.185
560.025 239.195
560.184 229.196
559.743 219.207
558.706 209.261
558.268 199.27
558.427 189.272
557.986 179.282
556.949 169.336
556.51 159.346
556.669 149.347
556.228 139.358
555.191 129.412
554.752 119.422
554.911 109.423
554.47 99.4343
553.432 89.4883
552.993 79.4982
553.152 69.4994
552.71 59.5118
551.672 49.5658
551.232 39.576
551.391 29.5773
550.95 19.5951
549.91 9.6493
548.976 0.29402
548.104 -8.4644
547.292 -16.6259
546.54 -24.1904
545.848 -31.1579
545.216 -37.5283
544.644 -43.3018
544.131 -48.4783
543.678 -53.0577
543.285 -57.0401
542.951 -60.4254
542.677 -63.2137
542.462 -65.405
542.307 -66.9992
542.211 -67.9964
542.175 -68.3965
542.198 -68.1996
542.28 -67.4056
542.422 -66.0145
542.623 -64.0264
542.883 -61.4412
543.203 -58.259
543.582 -54.4797
544.02 -50.1033
544.517 -45.1299
545.073 -39.5593
545.688 -33.3917
546.362 -26.6269
547.095 -19.2651
547.887 -11.3062
548.737 -2.75005
549.646 6.40325
550.608 16.1541
551.512 25.3078
552.356 33.8644
553.142 41.824
553.869 49.1864
554.536 55.9518
555.145 62.12
555.695 67.6912
556.186 72.6652
556.618 77.0422
556.991 80.822
557.305 84.0048
557.561 86.5904
557.757 88.579
557.894 89.9704
558.079 91.96
558.312 94.5476
558.593 97.7334
558.921 101.517
559.297 105.899
559.721 110.879
560.192 116.457
560.711 122.634
561.278 129.408
561.892 136.781
562.553 144.751
563.262 153.32
564.018 162.487
564.822 172.252
565.641 182.218
567.055 192.118
567.872 202.084
568.093 212.081
568.912 222.048
570.326 231.947
571.144 241.913
571.364 251.911
572.184 261.877
573.597 271.777
574.415 281.743
574.635 291.741
575.455 301.707
576.868 311.606
577.686 321.572
577.906 331.57
578.725 341.536
580.139 351.436
580.956 361.402
581.176 371.399
581.996 381.366
583.409 391.265
584.226 401.231
584.446 411.229
585.266 421.195
586.679 431.095
587.496 441.06
587.716 451.058
588.535 461.024
589.948 470.924
590.765 480.889
590.984 490.887
591.803 500.853
593.216 510.753
594.033 520.718
594.252 530.715
595.071 540.681
596.483 550.581
597.3 560.545
597.518 570.542
598.336 580.508
599.749 590.408
600.563 600.358
601.068 609.794
601.523 618.633
601.938 626.873
602.315 634.514
602.657 641.556
602.965 647.999
603.239 653.843
603.479 659.088
603.687 663.734
603.863 667.781
604.007 671.229
604.12 674.077
604.201 676.326
604.252 677.977
604.272 679.027
604.261 679.479
604.221 679.331
604.15 678.584
604.05 677.238
603.92 675.293
603.762 672.748
603.574 669.604
603.358 665.861
603.114 661.518
602.843 656.576
602.543 651.034
602.217 644.894
601.865 638.153
601.488 630.814
601.087 622.874
600.665 614.335
600.225 605.197
599.79 595.458
599.383 586.319
599.002 577.779
598.648 569.839
598.321 562.497
598.02 555.756
597.747 549.614
597.5 544.071
597.28 539.127
597.087 534.783
596.92 531.039
596.78 527.893
596.667 525.348
596.581 523.401
596.521 522.054
596.488 521.306
596.482 521.158
596.503 521.609
596.55 522.66
596.624 524.31
596.725 526.559
596.852 529.408
597.006 532.856
597.187 536.904
597.394 541.551
597.628 546.798
597.889 552.643
598.177 559.089
598.491 566.133
598.832 573.777
599.199 582.021
599.296 589.729
599.125 596.9
598.692 603.531
598 609.621
597.053 615.168
595.855 620.17
594.409 624.626
592.72 628.533
590.79 631.89
588.625 634.696
586.227 636.949
583.599 638.647
580.747 639.789
577.673 640.373
574.381 640.398
570.875 639.863
567.159 638.766
563.236 637.106
559.111 634.881
554.787 632.089
550.268 628.73
545.559 624.802
540.664 620.304
535.587 615.234
530.333 609.591
524.906 603.373
519.311 596.579
513.554 589.207
507.639 581.257
501.844 573.107
495.571 565.319
489.776 557.169
483.503 549.381
477.708 541.231
471.436 533.443
465.642 525.293
459.369 517.505
453.575 509.354
447.303 501.566
441.51 493.415
435.238 485.626
429.445 477.475
423.174 469.686
417.381 461.535
411.11 453.745
405.318 445.593
399.047 437.804
393.256 429.652
386.986 421.861
381.194 413.709
374.925 405.918
369.135 397.766
363.842 389.281
358.05 381.131
351.781 373.34
345.99 365.188
340.698 356.703
334.906 348.553
328.637 340.762
322.847 332.611
317.554 324.126
311.763 315.977
305.494 308.187
299.707 300.041
294.472 292.133
289.574 284.719
285.012 277.804
280.783 271.388
276.886 265.471
273.322 260.053
270.09 255.136
267.189 250.719
264.62 246.801
262.381 243.384
260.474 240.468
258.898 238.051
257.653 236.136
256.739 234.721
256.155 233.806
255.901 233.393
255.978 233.48
256.386 234.068
257.123 235.157
258.191 236.747
259.589 238.839
261.316 241.431
263.374 244.525
265.76 248.12
268.477 252.216
271.522 256.814
274.897 261.914
278.6 267.516
282.632 273.62
286.992 280.226
291.679 287.336
296.69 294.949
302.02 303.072
307.021 310.693
311.692 317.812
316.034 324.43
320.047 330.546
323.73 336.161
327.085 341.274
330.11 345.885
332.806 349.995
335.173 353.603
337.211 356.709
338.919 359.313
340.299 361.416
341.349 363.018
342.07 364.117
342.462 364.715
342.525 364.812
342.259 364.406
341.664 363.499
340.739 362.091
339.486 360.18
337.903 357.768
335.991 354.855
333.75 351.439
